200683284358000,
200685040226000,
300462646182000,
500463397737000,
400463949362000,
200685178413000,
800463753789000,
800463741866000,
700463267240000,
800463796211000,
800463118943000,
400463395663000,
900462606435000,
800463251194000,
700462618567000,
400464065450000,
300459001471000,
300462709985000,
200685218227000,
400464000533000,
400463990661000,
700463378623000,
200685246112000,
900463746305000,
900463739128000,
400464050475000,
700463405118000,
400464080018000,
300462798942000,
500463502138000,
300462810875000,
500463552177000,
300462814989000,
700463485348000,
900463807171000,
300462864871000,
700463532169000,
700463556128000,
900463910584000,
200685443508000,
500463719809000,
500463710250000,
800464062262000,
700463609088000,
600463401363000,
500463757654000,
200685533495000,
900464028816000,
900464066118000,
200685600888000,
800464140298000,
700463752321000,
200685655824000,
900464143127000,
500463832160000,
400464320137000,
400464320140000,
400464314152000,
400464344848000,
200685687653000,
200685691773000,
900464156589000,
500463895241000,
500463913488000,
500463939750000,
700463769709000,
200685788707000,
200685778073000,
800464220416000,
400464862456000,
300463235195000,
300463256530000,
500463957434000,
400464488621000,
900464234989000,
200685821099000,
800464272396000,
900464330280000,
400464494753000,
400464509010000,
800464295252000,
300463391289000,
200685877262000,
500464065566000,
900464443280000,
600463665862000,
300463447275000,
700463932829000,
600463690588000,
300463472514000,
200685992562000,
200685997431000,
800464416163000,
300463515653000,
900464524733000,
600463734554000,
300463572507000,
300463574104000,
800464484961000,
700464045714000,
500464317826000,
500464319028000,
300463648979000,
400464732826000,
200686262266000,
700464176317000,
500464440981000
